_gcl_au=1.1.827585477.1678419707; PHPSESSID=fpme37q2hgos4377na236posdq

_gcl_au=1.1.827585477.1678419707; PHPSESSID=fpme37q2hgos4377na236posdq
